454.383
831.447
1197.004
1609.943
1972.331
2320.234
2753.953
3184.815
3577.386
3986.380
4383.526
4795.677
5190.944
5591.356
5997.463
6397.513
6789.906
7182.085
7572.872
7974.950
8379.616
8853.312
9314.527
9722.504
10275.057
10718.681
11180.301
11736.621
12155.550
12691.185
13135.476
13591.669
14100.981
14583.783
15098.187
15623.687
16094.985
16542.185
16978.452
17478.042
17936.972
18398.505
18895.151
19372.245
19825.750
20309.339
20839.063
21275.352
21675.020
22166.508
22667.119
23123.895
23605.486
24015.664
24500.226
24910.906
25327.843
25749.346
26091.597
26527.493
26946.889
27374.731
27829.021
28248.309
28670.023
29061.454
29449.426
29971.768
30509.874
31031.246
31520.338
32077.244
32461.414
32801.921
33206.936
33601.500
34043.289
34453.629
34908.555
35356.401
35751.040
36267.919
36680.209
37171.180
37600.309
38063.708
38524.887
38942.096
39489.602
39938.176
40488.034
41010.292
41512.362
42071.016
42594.484
42990.396
43521.617
44008.401
44537.417
45032.341
45497.392
45945.192
46399.934
46818.366
47277.504
47764.082
48194.026
48724.105
49288.392
49817.920
50249.067
51008.893
51564.145
51845.211
52507.322
52952.805
53466.731
53965.047
54455.984
54977.234
55473.589
55959.377
56519.587
56970.113
57470.349
58008.032
58531.152
59069.238
59533.536
60019.751
60479.164